0 0 0 0 102 102  109 0 0 0 0 0
0 0 0 109 102 102  109 0 0 0 0 0
0 0 0 218 102 102  109 0 0 0 0 0
0 0 0 327 102 102  109 0 0 0 0 0
0 0 5 436 102 102  109 1 0 1 0 2026
0 0 6 545 102 102  109 2 0 1 0 2026
0 0 0 654 102 102  109 3 0 1 0 2026
0 0 1 0 204 102  109 4 0 1 0 2026
1 0 2 109 204 102  109 5 2 1 1 2026
1 0 3 218 204 102  109 6 2 1 1 2026
1 0 4 327 204 102  109 7 2 1 1 2026
1 0 5 436 204 102  109 8 2 1 1 2026
1 0 6 545 204 102  109 9 2 1 1 2026
0 0 0 654 204 102  109 10 0 1 0 2026
0 0 1 0 306 102  109 11 0 1 0 2026
0 0 2 109 306 102  109 12 0 1 0 2026
0 0 3 218 306 102  109 13 0 1 0 2026
0 0 4 327 306 102  109 14 0 1 0 2026
0 0 5 436 306 102  109 15 0 1 0 2026
0 0 6 545 306 102  109 16 0 1 0 2026
0 0 0 654 306 102  109 17 0 1 0 2026
0 0 1 0 408 102  109 18 0 1 0 2026
0 0 2 109 408 102  109 19 0 1 0 2026
0 0 3 218 408 102  109 20 0 1 0 2026
0 0 4 327 408 102  109 21 0 1 0 2026
0 0 5 436 408 102  109 22 0 1 0 2026
0 0 6 545 408 102  109 23 0 1 0 2026
0 0 0 654 408 102  109 24 0 1 0 2026
0 0 1 0 510 102  109 25 0 1 0 2026
0 0 2 109 510 102  109 26 0 1 0 2026
0 0 3 218 510 102  109 27 0 1 0 2026
0 0 4 327 510 102  109 28 0 1 0 2026
0 0 5 436 510 102  109 29 0 1 0 2026
0 0 6 545 510 102  109 30 0 1 0 2026
0 0 0 654 510 102  109 31 0 1 0 2026
0 0 0 0 612 102  109 0 0 0 0 0
0 0 0 109 612 102  109 0 0 0 0 0
0 0 0 218 612 102  109 0 0 0 0 0
0 0 0 327 612 102  109 0 0 0 0 0
0 0 0 436 612 102  109 0 0 0 0 0
0 0 0 545 612 102  109 0 0 0 0 0
0 0 0 654 612 102  109 0 0 0 0 0
0 0 1 768 102 102  109 1 0 2 0 2026
1 0 2 877 102 102  109 2 2 2 1 2026
1 0 3 986 102 102  109 3 2 2 1 2026
1 0 4 1095 102 102  109 4 2 2 1 2026
1 0 5 1204 102 102  109 5 2 2 1 2026
1 0 6 1313 102 102  109 6 2 2 1 2026
0 0 0 1422 102 102  109 7 0 2 0 2026
0 0 1 768 204 102  109 8 0 2 0 2026
0 0 2 877 204 102  109 9 0 2 0 2026
0 0 3 986 204 102  109 10 0 2 0 2026
0 0 4 1095 204 102  109 11 0 2 0 2026
0 0 5 1204 204 102  109 12 0 2 0 2026
0 0 6 1313 204 102  109 13 0 2 0 2026
0 0 0 1422 204 102  109 14 0 2 0 2026
0 0 1 768 306 102  109 15 0 2 0 2026
0 0 2 877 306 102  109 16 0 2 0 2026
0 0 3 986 306 102  109 17 0 2 0 2026
0 0 4 1095 306 102  109 18 0 2 0 2026
0 0 5 1204 306 102  109 19 0 2 0 2026
0 0 6 1313 306 102  109 20 0 2 0 2026
0 0 0 1422 306 102  109 21 0 2 0 2026
0 0 1 768 408 102  109 22 0 2 0 2026
1 0 2 877 408 102  109 23 2 2 1 2026
1 0 3 986 408 102  109 24 2 2 1 2026
1 0 4 1095 408 102  109 25 2 2 1 2026
1 0 5 1204 408 102  109 26 2 2 1 2026
1 0 6 1313 408 102  109 27 2 2 1 2026
0 0 0 1422 408 102  109 28 0 2 0 2026
0 0 0 768 510 102  109 0 0 0 0 0
0 0 0 877 510 102  109 0 0 0 0 0
0 0 0 986 510 102  109 0 0 0 0 0
0 0 0 1095 510 102  109 0 0 0 0 0
0 0 0 1204 510 102  109 0 0 0 0 0
0 0 0 1313 510 102  109 0 0 0 0 0
0 0 0 1422 510 102  109 0 0 0 0 0
0 0 0 768 612 102  109 0 0 0 0 0
0 0 0 877 612 102  109 0 0 0 0 0
0 0 0 986 612 102  109 0 0 0 0 0
0 0 0 1095 612 102  109 0 0 0 0 0
0 0 0 1204 612 102  109 0 0 0 0 0
0 0 0 1313 612 102  109 0 0 0 0 0
0 0 0 1422 612 102  109 0 0 0 0 0
0 0 1 1536 102 102  109 1 0 3 0 2026
0 0 2 1645 102 102  109 2 0 3 0 2026
0 0 3 1754 102 102  109 3 0 3 0 2026
0 0 4 1863 102 102  109 4 0 3 0 2026
0 0 5 1972 102 102  109 5 0 3 0 2026
0 0 6 2081 102 102  109 6 0 3 0 2026
0 0 0 2190 102 102  109 7 0 3 0 2026
0 0 1 1536 204 102  109 8 0 3 0 2026
0 1 2 1645 204 102  109 9 0 3 0 2026
0 1 3 1754 204 102  109 10 0 3 0 2026
0 1 4 1863 204 102  109 11 0 3 0 2026
0 1 5 1972 204 102  109 12 0 3 0 2026
0 1 6 2081 204 102  109 13 0 3 0 2026
0 0 0 2190 204 102  109 14 0 3 0 2026
0 0 1 1536 306 102  109 15 0 3 0 2026
0 1 2 1645 306 102  109 16 0 3 0 2026
0 1 3 1754 306 102  109 17 0 3 0 2026
0 1 4 1863 306 102  109 18 0 3 0 2026
0 1 5 1972 306 102  109 19 0 3 0 2026
0 1 6 2081 306 102  109 20 0 3 0 2026
0 0 0 2190 306 102  109 21 0 3 0 2026
0 0 1 1536 408 102  109 22 0 3 0 2026
1 0 2 1645 408 102  109 23 2 3 1 2026
1 0 3 1754 408 102  109 24 2 3 1 2026
1 0 4 1863 408 102  109 25 2 3 1 2026
1 0 5 1972 408 102  109 26 2 3 1 2026
1 0 6 2081 408 102  109 27 2 3 1 2026
0 0 0 2190 408 102  109 28 0 3 0 2026
0 0 1 1536 510 102  109 29 0 3 0 2026
0 0 2 1645 510 102  109 30 0 3 0 2026
0 0 3 1754 510 102  109 31 0 3 0 2026
0 0 0 1863 510 102  109 0 0 0 0 0
0 0 0 1972 510 102  109 0 0 0 0 0
0 0 0 2081 510 102  109 0 0 0 0 0
0 0 0 2190 510 102  109 0 0 0 0 0
0 0 0 1536 612 102  109 0 0 0 0 0
0 0 0 1645 612 102  109 0 0 0 0 0
0 0 0 1754 612 102  109 0 0 0 0 0
0 0 0 1863 612 102  109 0 0 0 0 0
0 0 0 1972 612 102  109 0 0 0 0 0
0 0 0 2081 612 102  109 0 0 0 0 0
0 0 0 2190 612 102  109 0 0 0 0 0
0 0 0 2304 102 102  109 0 0 0 0 0
0 0 0 2413 102 102  109 0 0 0 0 0
0 0 0 2522 102 102  109 0 0 0 0 0
0 0 4 2631 102 102  109 1 0 4 0 2026
0 0 5 2740 102 102  109 2 0 4 0 2026
0 0 6 2849 102 102  109 3 0 4 0 2026
0 0 0 2958 102 102  109 4 0 4 0 2026
0 0 1 2304 204 102  109 5 0 4 0 2026
0 0 2 2413 204 102  109 6 0 4 0 2026
0 0 3 2522 204 102  109 7 0 4 0 2026
0 0 4 2631 204 102  109 8 0 4 0 2026
0 0 5 2740 204 102  109 9 0 4 0 2026
0 0 6 2849 204 102  109 10 0 4 0 2026
0 0 0 2958 204 102  109 11 0 4 0 2026
0 0 1 2304 306 102  109 12 0 4 0 2026
1 0 2 2413 306 102  109 13 2 4 1 2026
1 0 3 2522 306 102  109 14 2 4 1 2026
1 0 4 2631 306 102  109 15 2 4 1 2026
1 0 5 2740 306 102  109 16 2 4 1 2026
1 0 6 2849 306 102  109 17 2 4 1 2026
0 0 0 2958 306 102  109 18 0 4 0 2026
0 0 1 2304 408 102  109 19 0 4 0 2026
0 0 2 2413 408 102  109 20 0 4 0 2026
0 0 3 2522 408 102  109 21 0 4 0 2026
0 0 4 2631 408 102  109 22 0 4 0 2026
0 0 5 2740 408 102  109 23 0 4 0 2026
0 0 6 2849 408 102  109 24 0 4 0 2026
0 0 0 2958 408 102  109 25 0 4 0 2026
0 0 1 2304 510 102  109 26 0 4 0 2026
0 0 2 2413 510 102  109 27 0 4 0 2026
0 0 3 2522 510 102  109 28 0 4 0 2026
0 0 4 2631 510 102  109 29 0 4 0 2026
0 0 5 2740 510 102  109 30 0 4 0 2026
0 0 0 2849 510 102  109 0 0 0 0 0
0 0 0 2958 510 102  109 0 0 0 0 0
0 0 0 2304 612 102  109 0 0 0 0 0
0 0 0 2413 612 102  109 0 0 0 0 0
0 0 0 2522 612 102  109 0 0 0 0 0
0 0 0 2631 612 102  109 0 0 0 0 0
0 0 0 2740 612 102  109 0 0 0 0 0
0 0 0 2849 612 102  109 0 0 0 0 0
0 0 0 2958 612 102  109 0 0 0 0 0
0 0 0 0 822 102  109 0 0 0 0 0
0 0 0 109 822 102  109 0 0 0 0 0
0 0 0 218 822 102  109 0 0 0 0 0
0 0 0 327 822 102  109 0 0 0 0 0
0 0 0 436 822 102  109 0 0 0 0 0
0 0 6 545 822 102  109 1 0 5 0 2026
0 0 0 654 822 102  109 2 0 5 0 2026
0 0 1 0 924 102  109 3 0 5 0 2026
1 0 2 109 924 102  109 4 2 5 1 2026
1 0 3 218 924 102  109 5 2 5 1 2026
1 0 4 327 924 102  109 6 2 5 1 2026
1 0 5 436 924 102  109 7 2 5 1 2026
1 0 6 545 924 102  109 8 2 5 1 2026
0 0 0 654 924 102  109 9 0 5 0 2026
0 0 1 0 1026 102  109 10 0 5 0 2026
0 0 2 109 1026 102  109 11 0 5 0 2026
0 0 3 218 1026 102  109 12 0 5 0 2026
0 0 4 327 1026 102  109 13 0 5 0 2026
0 0 5 436 1026 102  109 14 0 5 0 2026
0 0 6 545 1026 102  109 15 0 5 0 2026
0 0 0 654 1026 102  109 16 0 5 0 2026
0 0 1 0 1128 102  109 17 0 5 0 2026
0 0 2 109 1128 102  109 18 0 5 0 2026
0 0 3 218 1128 102  109 19 0 5 0 2026
0 0 4 327 1128 102  109 20 0 5 0 2026
0 0 5 436 1128 102  109 21 0 5 0 2026
0 0 6 545 1128 102  109 22 0 5 0 2026
0 0 0 654 1128 102  109 23 0 5 0 2026
0 0 1 0 1230 102  109 24 0 5 0 2026
0 1 2 109 1230 102  109 25 0 5 0 2026
0 1 3 218 1230 102  109 26 0 5 0 2026
0 1 4 327 1230 102  109 27 0 5 0 2026
0 1 5 436 1230 102  109 28 0 5 0 2026
0 1 6 545 1230 102  109 29 0 5 0 2026
0 0 0 654 1230 102  109 30 0 5 0 2026
0 0 1 0 1332 102  109 31 0 5 0 2026
0 0 0 109 1332 102  109 0 0 0 0 0
0 0 0 218 1332 102  109 0 0 0 0 0
0 0 0 327 1332 102  109 0 0 0 0 0
0 0 0 436 1332 102  109 0 0 0 0 0
0 0 0 545 1332 102  109 0 0 0 0 0
0 0 0 654 1332 102  109 0 0 0 0 0
0 0 0 768 822 102  109 0 0 0 0 0
0 1 2 877 822 102  109 1 2 6 1 2026
0 1 3 986 822 102  109 2 2 6 1 2026
0 1 4 1095 822 102  109 3 2 6 1 2026
0 1 5 1204 822 102  109 4 2 6 1 2026
0 1 6 1313 822 102  109 5 2 6 1 2026
0 0 0 1422 822 102  109 6 0 6 0 2026
0 0 1 768 924 102  109 7 0 6 0 2026
0 1 2 877 924 102  109 8 0 6 0 2026
0 1 3 986 924 102  109 9 0 6 0 2026
0 1 4 1095 924 102  109 10 0 6 0 2026
0 1 5 1204 924 102  109 11 0 6 0 2026
0 1 6 1313 924 102  109 12 0 6 0 2026
0 0 0 1422 924 102  109 13 0 6 0 2026
0 0 1 768 1026 102  109 14 0 6 0 2026
0 1 2 877 1026 102  109 15 0 6 0 2026
0 1 3 986 1026 102  109 16 0 6 0 2026
0 1 4 1095 1026 102  109 17 0 6 0 2026
0 1 5 1204 1026 102  109 18 0 6 0 2026
0 1 6 1313 1026 102  109 19 0 6 0 2026
0 0 0 1422 1026 102  109 20 0 6 0 2026
0 0 1 768 1128 102  109 21 0 6 0 2026
0 1 2 877 1128 102  109 22 2 6 1 2026
0 1 3 986 1128 102  109 23 2 6 1 2026
0 1 4 1095 1128 102  109 24 2 6 1 2026
0 1 5 1204 1128 102  109 25 2 6 1 2026
0 1 6 1313 1128 102  109 26 2 6 1 2026
0 0 0 1422 1128 102  109 27 0 6 0 2026
0 0 1 768 1230 102  109 28 0 6 0 2026
0 1 2 877 1230 102  109 29 0 6 0 2026
0 1 3 986 1230 102  109 30 0 6 0 2026
0 0 0 1095 1230 102  109 0 0 0 0 0
0 0 0 1204 1230 102  109 0 0 0 0 0
0 0 0 1313 1230 102  109 0 0 0 0 0
0 0 0 1422 1230 102  109 0 0 0 0 0
0 0 0 768 1332 102  109 0 0 0 0 0
0 0 0 877 1332 102  109 0 0 0 0 0
0 0 0 986 1332 102  109 0 0 0 0 0
0 0 0 1095 1332 102  109 0 0 0 0 0
0 0 0 1204 1332 102  109 0 0 0 0 0
0 0 0 1313 1332 102  109 0 0 0 0 0
0 0 0 1422 1332 102  109 0 0 0 0 0
0 0 0 1536 822 102  109 0 0 0 0 0
0 0 0 1645 822 102  109 0 0 0 0 0
0 0 0 1754 822 102  109 0 0 0 0 0
0 1 4 1863 822 102  109 1 0 7 0 2026
0 1 5 1972 822 102  109 2 0 7 0 2026
0 1 6 2081 822 102  109 3 0 7 0 2026
0 0 0 2190 822 102  109 4 0 7 0 2026
0 0 1 1536 924 102  109 5 0 7 0 2026
0 1 2 1645 924 102  109 6 0 7 0 2026
0 1 3 1754 924 102  109 7 0 7 0 2026
0 1 4 1863 924 102  109 8 0 7 0 2026
0 1 5 1972 924 102  109 9 0 7 0 2026
0 1 6 2081 924 102  109 10 0 7 0 2026
0 0 0 2190 924 102  109 11 0 7 0 2026
0 0 1 1536 1026 102  109 12 0 7 0 2026
0 1 2 1645 1026 102  109 13 1 7 1 2026
0 1 3 1754 1026 102  109 14 1 7 1 2026
0 1 4 1863 1026 102  109 15 1 7 1 2026
0 1 5 1972 1026 102  109 16 1 7 1 2026
0 1 6 2081 1026 102  109 17 1 7 1 2026
0 0 0 2190 1026 102  109 18 0 7 0 2026
0 0 1 1536 1128 102  109 19 0 7 0 2026
0 1 2 1645 1128 102  109 20 1 7 1 2026
0 1 3 1754 1128 102  109 21 1 7 1 2026
0 1 4 1863 1128 102  109 22 1 7 1 2026
0 1 5 1972 1128 102  109 23 1 7 1 2026
0 1 6 2081 1128 102  109 24 1 7 1 2026
0 0 0 2190 1128 102  109 25 0 7 0 2026
0 0 1 1536 1230 102  109 26 0 7 0 2026
0 1 2 1645 1230 102  109 27 0 7 0 2026
0 1 3 1754 1230 102  109 28 0 7 0 2026
0 1 4 1863 1230 102  109 29 0 7 0 2026
0 1 5 1972 1230 102  109 30 0 7 0 2026
0 1 6 2081 1230 102  109 31 0 7 0 2026
0 0 0 2190 1230 102  109 0 0 0 0 0
0 0 0 1536 1332 102  109 0 0 0 0 0
0 0 0 1645 1332 102  109 0 0 0 0 0
0 0 0 1754 1332 102  109 0 0 0 0 0
0 0 0 1863 1332 102  109 0 0 0 0 0
0 0 0 1972 1332 102  109 0 0 0 0 0
0 0 0 2081 1332 102  109 0 0 0 0 0
0 0 0 2190 1332 102  109 0 0 0 0 0
0 0 0 2304 822 102  109 0 0 0 0 0
0 0 0 2413 822 102  109 0 0 0 0 0
0 0 0 2522 822 102  109 0 0 0 0 0
0 0 0 2631 822 102  109 0 0 0 0 0
0 0 0 2740 822 102  109 0 0 0 0 0
0 0 0 2849 822 102  109 0 0 0 0 0
0 1 0 2958 822 102  109 1 0 8 0 2026
0 0 1 2304 924 102  109 2 0 8 0 2026
0 1 2 2413 924 102  109 3 0 8 0 2026
0 1 3 2522 924 102  109 4 0 8 0 2026
0 1 4 2631 924 102  109 5 0 8 0 2026
0 1 5 2740 924 102  109 6 0 8 0 2026
0 1 6 2849 924 102  109 7 0 8 0 2026
0 0 0 2958 924 102  109 8 0 8 0 2026
0 0 1 2304 1026 102  109 9 0 8 0 2026
0 1 2 2413 1026 102  109 10 1 8 1 2026
0 1 3 2522 1026 102  109 11 1 8 1 2026
0 1 4 2631 1026 102  109 12 1 8 1 2026
0 1 5 2740 1026 102  109 13 1 8 1 2026
0 1 6 2849 1026 102  109 14 1 8 1 2026
0 0 0 2958 1026 102  109 15 0 8 0 2026
0 0 1 2304 1128 102  109 16 0 8 0 2026
0 0 2 2413 1128 102  109 17 1 8 1 2026
0 0 3 2522 1128 102  109 18 1 8 1 2026
0 0 4 2631 1128 102  109 19 1 8 1 2026
0 0 5 2740 1128 102  109 20 1 8 1 2026
0 0 6 2849 1128 102  109 21 1 8 1 2026
0 0 0 2958 1128 102  109 22 0 8 0 2026
0 0 1 2304 1230 102  109 23 0 8 0 2026
0 0 2 2413 1230 102  109 24 0 8 0 2026
0 0 3 2522 1230 102  109 25 0 8 0 2026
0 0 4 2631 1230 102  109 26 0 8 0 2026
0 0 5 2740 1230 102  109 27 0 8 0 2026
0 0 6 2849 1230 102  109 28 0 8 0 2026
0 0 0 2958 1230 102  109 29 0 8 0 2026
0 0 1 2304 1332 102  109 30 0 8 0 2026
0 0 2 2413 1332 102  109 31 0 8 0 2026
0 0 0 2522 1332 102  109 0 0 0 0 0
0 0 0 2631 1332 102  109 0 0 0 0 0
0 0 0 2740 1332 102  109 0 0 0 0 0
0 0 0 2849 1332 102  109 0 0 0 0 0
0 0 0 2958 1332 102  109 0 0 0 0 0
0 0 0 0 1542 102  109 0 0 0 0 0
0 0 0 109 1542 102  109 0 0 0 0 0
0 0 3 218 1542 102  109 1 0 9 0 2026
0 0 4 327 1542 102  109 2 0 9 0 2026
0 0 5 436 1542 102  109 3 0 9 0 2026
0 0 6 545 1542 102  109 4 0 9 0 2026
0 0 0 654 1542 102  109 5 0 9 0 2026
0 0 1 0 1644 102  109 6 0 9 0 2026
0 0 2 109 1644 102  109 7 1 9 1 2026
0 0 3 218 1644 102  109 8 1 9 1 2026
0 0 4 327 1644 102  109 9 1 9 1 2026
0 0 5 436 1644 102  109 10 1 9 1 2026
0 0 6 545 1644 102  109 11 1 9 1 2026
0 0 0 654 1644 102  109 12 0 9 0 2026
0 0 1 0 1746 102  109 13 0 9 0 2026
0 0 2 109 1746 102  109 14 0 9 0 2026
0 0 3 218 1746 102  109 15 0 9 0 2026
0 0 4 327 1746 102  109 16 0 9 0 2026
0 0 5 436 1746 102  109 17 0 9 0 2026
0 0 6 545 1746 102  109 18 0 9 0 2026
0 0 0 654 1746 102  109 19 0 9 0 2026
0 0 1 0 1848 102  109 20 0 9 0 2026
0 0 2 109 1848 102  109 21 2 9 1 2026
0 0 3 218 1848 102  109 22 2 9 1 2026
0 0 4 327 1848 102  109 23 2 9 1 2026
0 0 5 436 1848 102  109 24 2 9 1 2026
0 0 6 545 1848 102  109 25 2 9 1 2026
0 0 0 654 1848 102  109 26 0 9 0 2026
0 0 1 0 1950 102  109 27 0 9 0 2026
0 0 2 109 1950 102  109 28 0 9 0 2026
0 0 3 218 1950 102  109 29 0 9 0 2026
0 0 4 327 1950 102  109 30 0 9 0 2026
0 0 0 436 1950 102  109 0 0 0 0 0
0 0 0 545 1950 102  109 0 0 0 0 0
0 0 0 654 1950 102  109 0 0 0 0 0
0 0 0 0 2052 102  109 0 0 0 0 0
0 0 0 109 2052 102  109 0 0 0 0 0
0 0 0 218 2052 102  109 0 0 0 0 0
0 0 0 327 2052 102  109 0 0 0 0 0
0 0 0 436 2052 102  109 0 0 0 0 0
0 0 0 545 2052 102  109 0 0 0 0 0
0 0 0 654 2052 102  109 0 0 0 0 0
0 0 0 768 1542 102  109 0 0 0 0 0
0 0 0 877 1542 102  109 0 0 0 0 0
0 0 0 986 1542 102  109 0 0 0 0 0
0 0 0 1095 1542 102  109 0 0 0 0 0
0 0 5 1204 1542 102  109 1 0 10 0 2026
0 0 6 1313 1542 102  109 2 0 10 0 2026
0 0 0 1422 1542 102  109 3 0 10 0 2026
0 0 1 768 1644 102  109 4 0 10 0 2026
0 1 2 877 1644 102  109 5 0 10 0 2026
0 1 3 986 1644 102  109 6 0 10 0 2026
0 1 4 1095 1644 102  109 7 0 10 0 2026
0 1 5 1204 1644 102  109 8 0 10 0 2026
0 1 6 1313 1644 102  109 9 0 10 0 2026
0 0 0 1422 1644 102  109 10 0 10 0 2026
0 0 1 768 1746 102  109 11 0 10 0 2026
0 1 2 877 1746 102  109 12 0 10 0 2026
0 1 3 986 1746 102  109 13 0 10 0 2026
0 1 4 1095 1746 102  109 14 0 10 0 2026
0 1 5 1204 1746 102  109 15 0 10 0 2026
0 1 6 1313 1746 102  109 16 0 10 0 2026
0 0 0 1422 1746 102  109 17 0 10 0 2026
0 0 1 768 1848 102  109 18 0 10 0 2026
0 0 2 877 1848 102  109 19 1 10 1 2026
0 0 3 986 1848 102  109 20 1 10 1 2026
0 0 4 1095 1848 102  109 21 1 10 1 2026
0 0 5 1204 1848 102  109 22 1 10 1 2026
0 0 6 1313 1848 102  109 23 1 10 1 2026
0 0 0 1422 1848 102  109 24 0 10 0 2026
0 0 1 768 1950 102  109 25 0 10 0 2026
0 0 2 877 1950 102  109 26 0 10 0 2026
0 0 3 986 1950 102  109 27 0 10 0 2026
0 0 4 1095 1950 102  109 28 0 10 0 2026
0 0 5 1204 1950 102  109 29 0 10 0 2026
0 0 6 1313 1950 102  109 30 0 10 0 2026
0 0 0 1422 1950 102  109 31 0 10 0 2026
0 0 0 768 2052 102  109 0 0 0 0 0
0 0 0 877 2052 102  109 0 0 0 0 0
0 0 0 986 2052 102  109 0 0 0 0 0
0 0 0 1095 2052 102  109 0 0 0 0 0
0 0 0 1204 2052 102  109 0 0 0 0 0
0 0 0 1313 2052 102  109 0 0 0 0 0
0 0 0 1422 2052 102  109 0 0 0 0 0
0 0 1 1536 1542 102  109 1 0 11 0 2026
0 0 2 1645 1542 102  109 2 0 11 0 2026
0 0 3 1754 1542 102  109 3 0 11 0 2026
0 0 4 1863 1542 102  109 4 0 11 0 2026
0 0 5 1972 1542 102  109 5 0 11 0 2026
0 0 6 2081 1542 102  109 6 0 11 0 2026
0 0 0 2190 1542 102  109 7 0 11 0 2026
0 0 1 1536 1644 102  109 8 0 11 0 2026
0 0 2 1645 1644 102  109 9 1 11 1 2026
0 0 3 1754 1644 102  109 10 1 11 1 2026
0 0 4 1863 1644 102  109 11 1 11 1 2026
0 0 5 1972 1644 102  109 12 1 11 1 2026
0 0 6 2081 1644 102  109 13 1 11 1 2026
0 0 0 2190 1644 102  109 14 0 11 0 2026
0 0 1 1536 1746 102  109 15 0 11 0 2026
0 0 2 1645 1746 102  109 16 0 11 0 2026
0 0 3 1754 1746 102  109 17 0 11 0 2026
0 0 4 1863 1746 102  109 18 0 11 0 2026
0 0 5 1972 1746 102  109 19 0 11 0 2026
0 0 6 2081 1746 102  109 20 0 11 0 2026
0 0 0 2190 1746 102  109 21 0 11 0 2026
0 0 1 1536 1848 102  109 22 0 11 0 2026
0 1 2 1645 1848 102  109 23 1 11 1 2026
0 1 3 1754 1848 102  109 24 1 11 1 2026
0 1 4 1863 1848 102  109 25 1 11 1 2026
0 1 5 1972 1848 102  109 26 1 11 1 2026
0 1 6 2081 1848 102  109 27 1 11 1 2026
0 0 0 2190 1848 102  109 28 0 11 0 2026
0 0 1 1536 1950 102  109 29 0 11 0 2026
0 0 2 1645 1950 102  109 30 0 11 0 2026
0 0 0 1754 1950 102  109 0 0 0 0 0
0 0 0 1863 1950 102  109 0 0 0 0 0
0 0 0 1972 1950 102  109 0 0 0 0 0
0 0 0 2081 1950 102  109 0 0 0 0 0
0 0 0 2190 1950 102  109 0 0 0 0 0
0 0 0 1536 2052 102  109 0 0 0 0 0
0 0 0 1645 2052 102  109 0 0 0 0 0
0 0 0 1754 2052 102  109 0 0 0 0 0
0 0 0 1863 2052 102  109 0 0 0 0 0
0 0 0 1972 2052 102  109 0 0 0 0 0
0 0 0 2081 2052 102  109 0 0 0 0 0
0 0 0 2190 2052 102  109 0 0 0 0 0
0 0 0 2304 1542 102  109 0 0 0 0 0
0 0 0 2413 1542 102  109 0 0 0 0 0
0 0 3 2522 1542 102  109 1 0 12 0 2026
0 0 4 2631 1542 102  109 2 0 12 0 2026
0 0 5 2740 1542 102  109 3 0 12 0 2026
0 0 6 2849 1542 102  109 4 0 12 0 2026
0 0 0 2958 1542 102  109 5 0 12 0 2026
0 0 1 2304 1644 102  109 6 0 12 0 2026
0 0 2 2413 1644 102  109 7 0 12 0 2026
0 0 3 2522 1644 102  109 8 0 12 0 2026
0 0 4 2631 1644 102  109 9 0 12 0 2026
0 0 5 2740 1644 102  109 10 0 12 0 2026
0 0 6 2849 1644 102  109 11 0 12 0 2026
0 0 0 2958 1644 102  109 12 0 12 0 2026
0 0 1 2304 1746 102  109 13 0 12 0 2026
0 0 2 2413 1746 102  109 14 1 12 1 2026
0 0 3 2522 1746 102  109 15 1 12 1 2026
0 0 4 2631 1746 102  109 16 1 12 1 2026
0 0 5 2740 1746 102  109 17 1 12 1 2026
0 0 6 2849 1746 102  109 18 1 12 1 2026
0 0 0 2958 1746 102  109 19 0 12 0 2026
0 0 1 2304 1848 102  109 20 0 12 0 2026
0 1 2 2413 1848 102  109 21 0 12 0 2026
0 1 3 2522 1848 102  109 22 0 12 0 2026
0 1 4 2631 1848 102  109 23 0 12 0 2026
0 1 5 2740 1848 102  109 24 0 12 0 2026
0 1 6 2849 1848 102  109 25 0 12 0 2026
0 0 0 2958 1848 102  109 26 0 12 0 2026
0 0 1 2304 1950 102  109 27 0 12 0 2026
0 1 2 2413 1950 102  109 28 0 12 0 2026
0 1 3 2522 1950 102  109 29 0 12 0 2026
0 1 4 2631 1950 102  109 30 0 12 0 2026
0 1 5 2740 1950 102  109 31 0 12 0 2026
0 0 0 2849 1950 102  109 0 0 0 0 0
0 0 0 2958 1950 102  109 0 0 0 0 0
0 0 0 2304 2052 102  109 0 0 0 0 0
0 0 0 2413 2052 102  109 0 0 0 0 0
0 0 0 2522 2052 102  109 0 0 0 0 0
0 0 0 2631 2052 102  109 0 0 0 0 0
0 0 0 2740 2052 102  109 0 0 0 0 0
0 0 0 2849 2052 102  109 0 0 0 0 0
0 0 0 2958 2052 102  109 0 0 0 0 0
0 0 0 0 0 0  0 0 0 0 0 0
0 0 0 0 0 0  0 0 0 0 0 0
0 0 0 0 0 0  0 0 0 0 0 0
0 0 0 0 0 0  0 0 0 0 0 0
0 0 0 0 0 0  0 0 0 0 0 0
0 0 0 0 0 0  0 0 0 0 0 0
0 0 0 0 0 0  0 0 0 0 0 0
0 0 0 0 0 0  0 0 0 0 0 0
0 0 0 0 0 0  0 0 0 0 0 0
0 0 0 0 0 0  0 0 0 0 0 0
0 0 0 0 0 0  0 0 0 0 0 0
0 0 0 0 0 0  0 0 0 0 0 0
0 0 0 0 0 0  0 0 0 0 0 0
0 0 0 0 0 0  0 0 0 0 0 0
0 0 0 0 0 0  0 0 0 0 0 0
0 0 0 0 0 0  0 0 0 0 0 0
0 0 0 0 0 0  0 0 0 0 0 0
0 0 0 0 0 0  0 0 0 0 0 0
0 0 0 0 0 0  0 0 0 0 0 0
0 0 0 0 0 0  0 0 0 0 0 0
0 0 0 0 0 0  0 0 0 0 0 0
0 0 0 0 0 0  0 0 0 0 0 0
0 0 0 0 0 0  0 0 0 0 0 0
0 0 0 0 0 0  0 0 0 0 0 0
0 0 0 0 0 0  0 0 0 0 0 0
0 0 0 0 0 0  0 0 0 0 0 0
0 0 0 0 0 0  0 0 0 0 0 0
0 0 0 0 0 0  0 0 0 0 0 0
0 0 0 0 0 0  0 0 0 0 0 0
0 0 0 0 0 0  0 0 0 0 0 0
0 0 0 0 0 0  0 0 0 0 0 0
0 0 0 0 0 0  0 0 0 0 0 0
0 0 0 0 0 0  0 0 0 0 0 0
0 0 0 0 0 0  0 0 0 0 0 0
0 0 0 0 0 0  0 0 0 0 0 0
0 0 0 0 0 0  0 0 0 0 0 0
0 0 0 0 0 0  0 0 0 0 0 0
0 0 0 0 0 0  0 0 0 0 0 0
0 0 0 0 0 0  0 0 0 0 0 0
0 0 0 0 0 0  0 0 0 0 0 0
0 0 0 0 0 0  0 0 0 0 0 0
0 0 0 0 0 0  0 0 0 0 0 0
0 0 0 0 0 0  0 0 0 0 0 0
0 0 0 0 0 0  0 0 0 0 0 0
0 0 0 0 0 0  0 0 0 0 0 0
0 0 0 0 0 0  0 0 0 0 0 0
0 0 0 0 0 0  0 0 0 0 0 0
0 0 0 0 0 0  0 0 0 0 0 0
0 0 0 0 0 0  0 0 0 0 0 0
0 0 0 0 0 0  0 0 0 0 0 0
0 0 0 0 0 0  0 0 0 0 0 0
0 0 0 0 0 0  0 0 0 0 0 0
0 0 0 0 0 0  0 0 0 0 0 0
0 0 0 0 0 0  0 0 0 0 0 0
0 0 0 0 0 0  0 0 0 0 0 0
0 0 0 0 0 0  0 0 0 0 0 0
0 0 0 0 0 0  0 0 0 0 0 0
0 0 0 0 0 0  0 0 0 0 0 0
0 0 0 0 0 0  0 0 0 0 0 0
0 0 0 0 0 0  0 0 0 0 0 0
0 0 0 0 0 0  0 0 0 0 0 0
0 0 0 0 0 0  0 0 0 0 0 0
0 0 0 0 0 0  0 0 0 0 0 0
0 0 0 0 0 0  0 0 0 0 0 0
0 0 0 0 0 0  0 0 0 0 0 0
0 0 0 0 0 0  0 0 0 0 0 0
0 0 0 0 0 0  0 0 0 0 0 0
0 0 0 0 0 0  0 0 0 0 0 0
0 0 0 0 0 0  0 0 0 0 0 0
0 0 0 0 0 0  0 0 0 0 0 0
0 0 0 0 0 0  0 0 0 0 0 0
0 0 0 0 0 0  0 0 0 0 0 0
0 0 0 0 0 0  0 0 0 0 0 0
0 0 0 0 0 0  0 0 0 0 0 0
0 0 0 0 0 0  0 0 0 0 0 0
0 0 0 0 0 0  0 0 0 0 0 0
0 0 0 0 0 0  0 0 0 0 0 0
0 0 0 0 0 0  0 0 0 0 0 0
0 0 0 0 0 0  0 0 0 0 0 0
0 0 0 0 0 0  0 0 0 0 0 0
0 0 0 0 0 0  0 0 0 0 0 0
0 0 0 0 0 0  0 0 0 0 0 0
0 0 0 0 0 0  0 0 0 0 0 0
0 0 0 0 0 0  0 0 0 0 0 0
0 0 0 0 0 0  0 0 0 0 0 0
0 0 0 0 0 0  0 0 0 0 0 0
0 0 0 0 0 0  0 0 0 0 0 0
0 0 0 0 0 0  0 0 0 0 0 0
0 0 0 0 0 0  0 0 0 0 0 0
0 0 0 0 0 0  0 0 0 0 0 0
0 0 0 0 0 0  0 0 0 0 0 0
0 0 0 0 0 0  0 0 0 0 0 0
0 0 0 0 0 0  0 0 0 0 0 0
0 0 0 0 0 0  0 0 0 0 0 0
0 0 0 0 0 0  0 0 0 0 0 0
0 0 0 0 0 0  0 0 0 0 0 0
